3 0.6225961538461539 0.6706730769230769 0.4519230769230769 0.2860576923076923
3 0.5228365384615384 0.8293269230769231 0.5096153846153846 0.18269230769230768
3 0.23677884615384615 0.7151442307692307 0.3389423076923077 0.1875
3 0.44471153846153844 0.5108173076923077 0.4519230769230769 0.16826923076923078
3 0.7896634615384616 0.4579326923076923 0.2692307692307692 0.1875
3 0.7079326923076923 0.3016826923076923 0.28846153846153844 0.25721153846153844
3 0.828125 0.2283653846153846 0.23557692307692307 0.23557692307692307
3 0.5829326923076923 0.23317307692307693 0.2644230769230769 0.2620192307692308
3 0.36658653846153844 0.37740384615384615 0.42788461538461536 0.23076923076923078
3 0.8052884615384616 0.6995192307692307 0.28125 0.21875
