3 0.8088942307692307 0.625 0.375 0.27163461538461536
3 0.31971153846153844 0.8040865384615384 0.3557692307692308 0.25721153846153844
3 0.3269230769230769 0.3713942307692308 0.35096153846153844 0.2620192307692308
3 0.8161057692307693 0.16947115384615385 0.3317307692307692 0.2668269230769231
2 0.5757211538461539 0.625 0.17307692307692307 0.27163461538461536
2 0.08653846153846154 0.8137019230769231 0.16826923076923078 0.2764423076923077
2 0.09615384615384616 0.3737980769230769 0.16346153846153846 0.2668269230769231
2 0.578125 0.16706730769230768 0.1778846153846154 0.2620192307692308
0 0.6802884615384616 0.5661057692307693 0.0625 0.07692307692307693
0 0.7175480769230769 0.6394230769230769 0.1201923076923077 0.0889423076923077
0 0.7067307692307693 0.6959134615384616 0.07211538461538461 0.09375
0 0.7463942307692307 0.7199519230769231 0.0625 0.052884615384615384
0 0.7439903846153846 0.5649038461538461 0.07692307692307693 0.07211538461538461
0 0.8004807692307693 0.5516826923076923 0.0625 0.0625
0 0.7956730769230769 0.6514423076923077 0.0889423076923077 0.15625
0 0.8401442307692307 0.6802884615384616 0.0625 0.0889423076923077
0 0.8401442307692307 0.5973557692307693 0.052884615384615384 0.08413461538461539
0 0.8798076923076923 0.5709134615384616 0.0889423076923077 0.10096153846153846
0 0.8689903846153846 0.6778846153846154 0.08413461538461539 0.09375
0 0.9290865384615384 0.6442307692307693 0.052884615384615384 0.0985576923076923
