3 0.30408653846153844 0.609375 0.3557692307692308 0.11057692307692307
3 0.3233173076923077 0.47115384615384615 0.35096153846153844 0.11057692307692307
3 0.34375 0.33052884615384615 0.3557692307692308 0.11538461538461539
3 0.5733173076923077 0.7524038461538461 0.04807692307692308 0.057692307692307696
3 0.6177884615384616 0.7572115384615384 0.038461538461538464 0.038461538461538464
3 0.6538461538461539 0.7608173076923077 0.03125 0.038461538461538464
3 0.5865384615384616 0.65625 0.04807692307692308 0.04326923076923077
3 0.6298076923076923 0.6646634615384616 0.036057692307692304 0.036057692307692304
3 0.6586538461538461 0.6646634615384616 0.02403846153846154 0.019230769230769232
3 0.6045673076923077 0.5600961538461539 0.04807692307692308 0.038461538461538464
3 0.6358173076923077 0.5805288461538461 0.038461538461538464 0.026442307692307692
3 0.6634615384615384 0.5865384615384616 0.038461538461538464 0.03125
3 0.6694711538461539 0.4795673076923077 0.026442307692307692 0.03125
3 0.640625 0.46153846153846156 0.038461538461538464 0.03125
3 0.6021634615384616 0.44591346153846156 0.036057692307692304 0.04326923076923077
3 0.6165865384615384 0.34615384615384615 0.036057692307692304 0.03125
3 0.6382211538461539 0.375 0.036057692307692304 0.036057692307692304
3 0.65625 0.4014423076923077 0.0625 0.036057692307692304
3 0.6478365384615384 0.3125 0.08173076923076923 0.036057692307692304
3 0.6334134615384616 0.2920673076923077 0.0625 0.03125
3 0.6177884615384616 0.2548076923076923 0.03125 0.036057692307692304
